0.0524981	3.967e-06	0.0909338
0.0524922	1.5868e-05	0.0909372
0.0524825	3.57e-05	0.0909428
0.0524688	6.3458e-05	0.0909507
0.0524512	9.9137e-05	0.0909608
0.0524297	0.000142727	0.0909731
0.0524043	0.000194222	0.0909877
0.0523748	0.000253605	0.0910045
0.0523413	0.000320867	0.0910236
0.0523038	0.000395991	0.0910449
0.0522621	0.000478958	0.0910684
0.0522164	0.000569755	0.0910941
0.0521665	0.000668353	0.091122
0.0521124	0.000774736	0.0911521
0.0520539	0.000888872	0.0911844
0.0519912	0.00101074	0.091219
0.0519241	0.00114031	0.0912557
0.0518525	0.00127755	0.0912945
0.0517764	0.00142242	0.0913355
0.0516958	0.00157489	0.0913787
0.0516104	0.00173493	0.0914241
0.0515204	0.00190249	0.0914715
0.0514255	0.00207752	0.0915211
0.0513257	0.00225999	0.0915728
0.0512209	0.00244985	0.0916265
0.051111	0.00264704	0.0916824
0.050996	0.00285151	0.0917403
0.0508757	0.00306321	0.0918002
0.05075	0.00328208	0.0918622
0.0506188	0.00350806	0.0919262
0.0504821	0.00374108	0.0919922
0.0503396	0.00398107	0.0920602
0.0501913	0.00422797	0.0921301
0.0500381	0.00448002	0.0922015
0.0498833	0.00473172	0.0922728
0.0497272	0.00498263	0.0923439
0.0495696	0.00523275	0.0924147
0.0494107	0.00548207	0.0924853
0.0492505	0.00573059	0.0925557
0.0490889	0.0059783	0.0926258
0.0489259	0.00622519	0.0926958
0.0487616	0.00647126	0.0927655
0.048596	0.0067165	0.0928349
0.048429	0.0069609	0.0929041
0.0482608	0.00720445	0.0929731
0.0480911	0.00744716	0.0930418
0.0479202	0.007689	0.0931103
0.047748	0.00792999	0.0931786
0.0475744	0.0081701	0.0932466
0.0473996	0.00840933	0.0933143
0.0472234	0.00864768	0.0933819
0.047046	0.00888514	0.0934491
0.0468672	0.0091217	0.0935161
0.0466872	0.00935735	0.0935828
0.0465059	0.0095921	0.0936493
0.0463233	0.00982593	0.0937156
0.0461395	0.0100588	0.0937815
0.0459544	0.0102908	0.0938472
0.045768	0.0105219	0.0939127
0.0455804	0.010752	0.0939778
0.0453915	0.0109811	0.0940427
0.0452014	0.0112093	0.0941073
0.04501	0.0114365	0.0941717
0.0448174	0.0116628	0.0942358
0.0446236	0.0118881	0.0942996
0.0444285	0.0121124	0.0943631
0.0442323	0.0123358	0.0944264
0.0440348	0.0125581	0.0944893
0.0438361	0.0127794	0.094552
0.0436362	0.0129998	0.0946144
0.0434351	0.0132191	0.0946765
0.0432328	0.0134374	0.0947384
0.0430294	0.0136547	0.0947999
0.0428247	0.013871	0.0948612
0.0426189	0.0140862	0.0949221
0.0424119	0.0143004	0.0949828
0.0422038	0.0145135	0.0950431
0.0419945	0.0147256	0.0951032
0.0417841	0.0149366	0.095163
0.0415724	0.0151466	0.0952224
0.0413597	0.0153555	0.0952816
0.0411458	0.0155633	0.0953405
0.0409308	0.0157701	0.095399
0.0407147	0.0159757	0.0954573
0.0404975	0.0161803	0.0955152
0.0402791	0.0163838	0.0955728
0.0400597	0.0165861	0.0956301
0.0398391	0.0167874	0.0956871
0.0396175	0.0169875	0.0957438
0.0393948	0.0171866	0.0958002
0.0391709	0.0173845	0.0958562
0.0389461	0.0175812	0.095912
0.0387201	0.0177769	0.0959674
0.0384931	0.0179714	0.0960225
0.038265	0.0181647	0.0960772
0.0380359	0.0183569	0.0961317
0.0378058	0.0185479	0.0961858
0.0375746	0.0187378	0.0962395
0.0373423	0.0189265	0.096293
0.0371091	0.0191141	0.0963461
0.0368748	0.0193004	0.0963989
0.0366395	0.0194856	0.0964513
0.0364033	0.0196696	0.0965034
0.036166	0.0198524	0.0965552
0.0359277	0.020034	0.0966066
0.0356884	0.0202144	0.0966577
0.0354482	0.0203936	0.0967085
0.035207	0.0205715	0.0967589
0.0349648	0.0207483	0.0968089
0.0347217	0.0209238	0.0968586
0.0344776	0.0210981	0.096908
0.0342326	0.0212712	0.096957
0.0339866	0.0214431	0.0970057
0.0337397	0.0216137	0.097054
0.0334919	0.021783	0.097102
0.0332432	0.0219511	0.0971496
0.0329935	0.022118	0.0971968
0.032743	0.0222835	0.0972437
0.0324915	0.0224479	0.0972903
0.0322392	0.0226109	0.0973364
0.0319859	0.0227727	0.0973823
0.0317318	0.0229332	0.0974277
0.0314768	0.0230924	0.0974728
0.031221	0.0232503	0.0975175
0.0309643	0.023407	0.0975619
0.0307068	0.0235623	0.0976059
0.0304484	0.0237164	0.0976495
0.0301892	0.0238691	0.0976928
0.0299291	0.0240205	0.0977357
0.0296682	0.0241707	0.0977782
0.0294066	0.0243195	0.0978203
0.0291441	0.0244669	0.0978621
0.0288808	0.0246131	0.0979035
0.0286167	0.0247579	0.0979445
0.0283518	0.0249014	0.0979852
0.0280862	0.0250436	0.0980254
0.0278198	0.0251844	0.0980653
0.0275526	0.0253239	0.0981048
0.0272847	0.025462	0.0981439
0.027016	0.0255988	0.0981827
0.0267466	0.0257342	0.098221
0.0264764	0.0258683	0.098259
0.0262056	0.026001	0.0982966
0.025934	0.0261323	0.0983338
0.0256617	0.0262623	0.0983706
0.0253886	0.0263909	0.098407
0.0251149	0.0265181	0.098443
0.0248405	0.0266439	0.0984787
0.0245655	0.0267684	0.0985139
0.0242897	0.0268915	0.0985488
0.0240133	0.0270131	0.0985832
0.0237362	0.0271334	0.0986173
0.0234585	0.0272523	0.098651
0.0231801	0.0273698	0.0986842
0.0229011	0.0274858	0.0987171
0.0226215	0.0276005	0.0987496
0.0223412	0.0277138	0.0987817
0.0220604	0.0278256	0.0988133
0.0217789	0.027936	0.0988446
0.0214969	0.028045	0.0988755
0.0212142	0.0281526	0.0989059
0.020931	0.0282588	0.098936
0.0206472	0.0283635	0.0989657
0.0203628	0.0284668	0.0989949
0.0200778	0.0285687	0.0990238
0.0197924	0.0286691	0.0990522
0.0195063	0.0287681	0.0990803
0.0192198	0.0288657	0.0991079
0.0189327	0.0289618	0.0991351
0.0186451	0.0290564	0.0991619
0.0183569	0.0291496	0.0991883
0.0180683	0.0292414	0.0992143
0.0177792	0.0293317	0.0992399
0.0174896	0.0294205	0.099265
0.0171995	0.0295079	0.0992898
0.0169089	0.0295938	0.0993141
0.0166179	0.0296783	0.099338
0.0163264	0.0297612	0.0993615
0.0160345	0.0298428	0.0993846
0.0157422	0.0299228	0.0994073
0.0154494	0.0300014	0.0994295
0.0151561	0.0300785	0.0994514
0.0148625	0.0301541	0.0994728
0.0145685	0.0302282	0.0994938
0.014274	0.0303009	0.0995144
0.0139792	0.030372	0.0995345
0.013684	0.0304417	0.0995543
0.0133884	0.0305099	0.0995736
0.0130924	0.0305766	0.0995925
0.0127961	0.0306418	0.0996109
0.0124994	0.0307055	0.099629
0.0122024	0.0307678	0.0996466
0.0119051	0.0308285	0.0996638
0.0116074	0.0308877	0.0996806
0.0113094	0.0309455	0.0996969
0.0110111	0.0310017	0.0997128
0.0107125	0.0310564	0.0997283
0.0104136	0.0311096	0.0997434
0.0101144	0.0311613	0.099758
0.00981495	0.0312115	0.0997723
0.00951522	0.0312602	0.0997861
0.00921524	0.0313074	0.0997994
0.00891499	0.0313531	0.0998124
0.0086145	0.0313972	0.0998249
0.00831378	0.0314399	0.0998369
0.00801283	0.031481	0.0998486
0.00771166	0.0315206	0.0998598
0.00741028	0.0315587	0.0998706
0.00710869	0.0315953	0.099881
0.00680692	0.0316303	0.0998909
0.00650495	0.0316638	0.0999004
0.0062028	0.0316959	0.0999094
0.00590049	0.0317263	0.0999181
0.00559801	0.0317553	0.0999263
0.00529538	0.0317827	0.0999341
0.0049926	0.0318087	0.0999414
0.00468969	0.031833	0.0999483
0.00438665	0.0318559	0.0999548
0.00408349	0.0318772	0.0999608
0.00378021	0.0318971	0.0999664
0.00347684	0.0319153	0.0999716
0.00317337	0.0319321	0.0999763
0.00286981	0.0319473	0.0999807
0.00256617	0.031961	0.0999845
0.00226247	0.0319732	0.099988
0.0019587	0.0319838	0.099991
0.00165487	0.0319929	0.0999936
0.001351	0.0320005	0.0999957
0.0010471	0.0320065	0.0999974
0.000743162	0.032011	0.0999987
0.000439205	0.032014	0.0999995
0.000135237	0.0320155	0.1
-0.000168732	0.0320154	0.0999999
-0.000472699	0.0320137	0.0999995
-0.000776653	0.0320106	0.0999986
-0.00108059	0.0320059	0.0999973
-0.00138449	0.0319997	0.0999955
-0.00168835	0.031992	0.0999933
-0.00199217	0.0319827	0.0999907
-0.00229594	0.0319719	0.0999876
-0.00259964	0.0319596	0.0999841
-0.00290327	0.0319457	0.0999802
-0.00320682	0.0319303	0.0999758
-0.00351028	0.0319134	0.0999711
-0.00381365	0.0318949	0.0999658
-0.00411691	0.031875	0.0999602
-0.00442006	0.0318535	0.0999541
-0.00472308	0.0318304	0.0999476
-0.00502597	0.0318059	0.0999406
-0.00532874	0.0317798	0.0999332
-0.00563135	0.0317522	0.0999254
-0.00593381	0.0317231	0.0999171
-0.00623611	0.0316924	0.0999085
-0.00653823	0.0316602	0.0998993
-0.00684018	0.0316265	0.0998898
-0.00714194	0.0315913	0.0998798
-0.0074435	0.0315546	0.0998694
-0.00774486	0.0315163	0.0998586
-0.00804601	0.0314765	0.0998473
-0.00834693	0.0314352	0.0998356
-0.00864763	0.0313924	0.0998235
-0.00894809	0.0313481	0.099811
-0.00924831	0.0313023	0.099798
-0.00954827	0.0312549	0.0997846
-0.00984797	0.0312061	0.0997707
-0.0101474	0.0311557	0.0997565
-0.0104466	0.0311038	0.0997418
-0.0107454	0.0310504	0.0997266
-0.011044	0.0309956	0.0997111
-0.0113423	0.0309392	0.0996951
-0.0116402	0.0308813	0.0996787
-0.0119378	0.0308219	0.0996619
-0.0122352	0.030761	0.0996447
-0.0125321	0.0306986	0.099627
-0.0128288	0.0306347	0.0996089
-0.013125	0.0305693	0.0995904
-0.013421	0.0305025	0.0995715
-0.0137165	0.0304341	0.0995521
-0.0140117	0.0303643	0.0995323
-0.0143065	0.0302929	0.0995121
-0.0146009	0.0302201	0.0994915
-0.0148949	0.0301458	0.0994705
-0.0151885	0.0300701	0.099449
-0.0154816	0.0299928	0.0994271
-0.0157744	0.0299141	0.0994048
-0.0160667	0.0298339	0.0993821
-0.0163586	0.0297522	0.099359
-0.01665	0.029669	0.0993354
-0.016941	0.0295844	0.0993114
-0.0172315	0.0294983	0.0992871
-0.0175215	0.0294108	0.0992623
-0.0178111	0.0293218	0.0992371
-0.0181001	0.0292313	0.0992114
-0.0183887	0.0291394	0.0991854
-0.0186768	0.0290461	0.099159
-0.0189643	0.0289512	0.0991321
-0.0192514	0.028855	0.0991049
-0.0195379	0.0287573	0.0990772
-0.0198238	0.0286581	0.0990491
-0.0201093	0.0285575	0.0990206
-0.0203942	0.0284555	0.0989917
-0.0206785	0.028352	0.0989624
-0.0209622	0.0282472	0.0989327
-0.0212454	0.0281408	0.0989026
-0.021528	0.0280331	0.0988721
-0.02181	0.0279239	0.0988412
-0.0220914	0.0278133	0.0988099
-0.0223722	0.0277013	0.0987781
-0.0226524	0.0275879	0.098746
-0.0229319	0.0274731	0.0987135
-0.0232109	0.0273569	0.0986806
-0.0234892	0.0272392	0.0986473
-0.0237668	0.0271202	0.0986135
-0.0240438	0.0269998	0.0985794
-0.0243202	0.0268779	0.0985449
-0.0245959	0.0267547	0.09851
-0.0248709	0.0266301	0.0984747
-0.0251452	0.0265041	0.0984391
-0.0254188	0.0263768	0.098403
-0.0256917	0.026248	0.0983665
-0.025964	0.0261179	0.0983297
-0.0262355	0.0259864	0.0982924
-0.0265063	0.0258536	0.0982548
-0.0267764	0.0257193	0.0982168
-0.0270457	0.0255838	0.0981784
-0.0273143	0.0254468	0.0981396
-0.0275822	0.0253086	0.0981005
-0.0278493	0.0251689	0.0980609
-0.0281156	0.025028	0.098021
-0.0283811	0.0248857	0.0979807
-0.0286459	0.024742	0.09794
-0.0289099	0.024597	0.0978989
-0.0291731	0.0244507	0.0978575
-0.0294355	0.0243031	0.0978157
-0.0296971	0.0241541	0.0977735
-0.0299579	0.0240039	0.0977309
-0.0302179	0.0238523	0.097688
-0.030477	0.0236994	0.0976447
-0.0307353	0.0235452	0.0976011
-0.0309927	0.0233897	0.097557
-0.0312493	0.0232329	0.0975126
-0.0315051	0.0230749	0.0974678
-0.03176	0.0229155	0.0974227
-0.032014	0.0227549	0.0973772
-0.0322671	0.0225929	0.0973314
-0.0325194	0.0224297	0.0972851
-0.0327707	0.0222653	0.0972386
-0.0330212	0.0220996	0.0971916
-0.0332707	0.0219326	0.0971443
-0.0335194	0.0217643	0.0970967
-0.0337671	0.0215948	0.0970487
-0.0340139	0.0214241	0.0970003
-0.0342598	0.0212521	0.0969516
-0.0345047	0.0210789	0.0969026
-0.0347487	0.0209045	0.0968532
-0.0349917	0.0207288	0.0968034
-0.0352338	0.0205519	0.0967533
-0.0354749	0.0203738	0.0967029
-0.035715	0.0201945	0.0966521
-0.0359542	0.0200139	0.0966009
-0.0361923	0.0198322	0.0965495
-0.0364295	0.0196493	0.0964977
-0.0366657	0.0194651	0.0964455
-0.0369008	0.0192798	0.096393
-0.037135	0.0190933	0.0963402
-0.0373681	0.0189057	0.0962871
-0.0376002	0.0187168	0.0962336
-0.0378313	0.0185268	0.0961798
-0.0380614	0.0183357	0.0961256
-0.0382904	0.0181433	0.0960712
-0.0385183	0.0179499	0.0960164
-0.0387452	0.0177552	0.0959613
-0.0389711	0.0175595	0.0959058
-0.0391958	0.0173626	0.09585
-0.0394195	0.0171645	0.095794
-0.0396421	0.0169654	0.0957376
-0.0398637	0.0167651	0.0956808
-0.0400841	0.0165637	0.0956238
-0.0403034	0.0163612	0.0955665
-0.0405216	0.0161577	0.0955088
-0.0407388	0.015953	0.0954508
-0.0409548	0.0157472	0.0953925
-0.0411696	0.0155403	0.0953339
-0.0413834	0.0153324	0.0952751
-0.041596	0.0151233	0.0952159
-0.0418075	0.0149133	0.0951564
-0.0420178	0.0147021	0.0950966
-0.042227	0.0144899	0.0950365
-0.042435	0.0142766	0.0949761
-0.0426418	0.0140623	0.0949154
-0.0428475	0.013847	0.0948544
-0.043052	0.0136306	0.0947931
-0.0432554	0.0134132	0.0947315
-0.0434575	0.0131948	0.0946697
-0.0436585	0.0129754	0.0946075
-0.0438582	0.0127549	0.0945451
-0.0440568	0.0125334	0.0944824
-0.0442541	0.012311	0.0944194
-0.0444502	0.0120876	0.0943561
-0.0446452	0.0118631	0.0942925
-0.0448389	0.0116377	0.0942287
-0.0450313	0.0114114	0.0941646
-0.0452225	0.011184	0.0941002
-0.0454125	0.0109557	0.0940355
-0.0456013	0.0107264	0.0939706
-0.0457888	0.0104962	0.0939054
-0.045975	0.0102651	0.0938399
-0.04616	0.010033	0.0937742
-0.0463437	0.00979999	0.0937082
-0.0465261	0.00956606	0.093642
-0.0467073	0.00933121	0.0935754
-0.0468872	0.00909545	0.0935087
-0.0470658	0.00885878	0.0934416
-0.0472431	0.00862123	0.0933744
-0.0474191	0.00838278	0.0933068
-0.0475938	0.00814345	0.093239
-0.0477672	0.00790323	0.093171
-0.0479393	0.00766216	0.0931027
-0.0481101	0.00742021	0.0930342
-0.0482795	0.00717742	0.0929655
-0.0484477	0.00693376	0.0928964
-0.0486145	0.00668927	0.0928272
-0.04878	0.00644395	0.0927577
-0.0489441	0.00619778	0.092688
-0.0491069	0.0059508	0.0926181
-0.0492684	0.00570299	0.0925479
-0.0494285	0.00545439	0.0924775
-0.0495872	0.00520497	0.0924068
-0.0497446	0.00495476	0.092336
-0.0499006	0.00470376	0.0922649
-0.0500553	0.00445198	0.0921936
-0.0502081	0.00420017	0.0921223
-0.0503557	0.00395404	0.0920525
-0.0504976	0.00371481	0.0919848
-0.0506337	0.00348257	0.091919
-0.0507643	0.00325737	0.0918552
-0.0508893	0.00303931	0.0917935
-0.0510091	0.0028284	0.0917337
-0.0511235	0.00262474	0.0916761
-0.0512328	0.00242836	0.0916204
-0.051337	0.00223932	0.0915669
-0.0514363	0.00205768	0.0915155
-0.0515306	0.00188346	0.0914661
-0.0516202	0.00171674	0.0914189
-0.051705	0.00155754	0.0913738
-0.0517851	0.00140591	0.0913309
-0.0518607	0.00126189	0.0912901
-0.0519318	0.00112551	0.0912515
-0.0519984	0.000996793	0.091215
-0.0520607	0.000875792	0.0911807
-0.0521186	0.000762512	0.0911487
-0.0521723	0.000656994	0.0911188
-0.0522217	0.000559264	0.0910911
-0.052267	0.000469335	0.0910656
-0.0523082	0.000387244	0.0910424
-0.0523452	0.000312987	0.0910213
-0.0523783	0.000246601	0.0910025
-0.0524073	0.000188104	0.090986
-0.0524323	0.00013749	0.0909716
-0.0524534	9.4774e-05	0.0909595
-0.0524705	5.9981e-05	0.0909497
-0.0524838	3.3097e-05	0.0909421
-0.0524931	1.4161e-05	0.0909367
-0.0525	9e-09	0.0909327
